1806229804639338752
581521400430720
2382444096953255944
5207362944039412880
41698018692440065
162288208854392836
4837993291540923392
293033609896423436
288236011291478276
108107109996110336
17643770291761
90107769633441280
9430539827620610112
38425938594103424
1242994601097168640
551970529296
587755078014799440
1333629676652073216
1162000240845267010
2305983781198168320
288511886025555968
35227590467584
2322254747142160
7045671065555016
2350896600374706848
12980051700165381136
2306001351806558720
1126174851923970
22663133747224578
141837008396288
2546503308580865
565244011233568
10376580032962404355
9244227586299826176
4521810297226240
216736008052670720
1153207394811184384
729591936263930880
46303734258599969
591537793156135
288516388862042112
563570643388544
4521294959740936
1407941836017696
10097105557594869888
2595226225488429824
585476962537990312
4612284754258084112
4837993291540923392
9043088607543824
9818482775215851648
18032130350187144
18579587768320656
11673337123410412032
10394360722054250497
581521400430720
293033609896423436
551970529296
2306978806906306826
1206965262778140736
288982579729671168
27023934311374984
288236011291478276
1806229804639338752